1000
7 84 22
46 13 67
9 100 8
32 47 87
58 90 100
2 1 3
91 83 54
83 53 23
98 38 32
16 5 23
61 87 41
48 69 67
12 9 17
93 40 71
100 18 7
20 73 91
4 87 25
32 68 96
79 67 41
82 86 16
18 18 95
91 86 32
32 43 54
53 86 23
69 26 21
76 70 22
48 59 23
83 62 4
41 48 10
100 55 38
60 2 68
23 76 96
47 85 3
15 28 37
34 67 6
100 91 95
96 100 18
31 9 89
21 17 22
44 65 58
55 4 97
85 7 21
50 22 86
38 4 40
17 55 29
77 75 10
74 24 4
52 27 39
94 29 61
57 26 71
13 64 42
99 8 47
65 77 35
17 46 54
77 21 90
1 74 53
46 38 10
94 13 95
41 31 52
77 97 48
64 82 82
93 81 97
67 56 15
79 100 64
44 5 97
68 63 40
52 91 16
89 21 73
6 10 20
78 92 39
24 81 77
46 65 73
13 9 61
12 3 26
15 70 53
56 80 4
34 92 25
99 41 62
33 17 14
94 24 53
100 61 33
67 94 53
44 68 69
84 75 56
19 23 85
64 15 25
20 56 69
60 4 61
71 75 25
79 26 26
35 55 63
54 73 68
90 67 82
57 41 42
40 58 61
85 93 63
91 41 56
30 15 68
46 13 25
20 56 46
68 31 60
84 74 99
51 16 84
10 32 14
95 24 55
60 68 69
64 70 73
81 14 29
6 27 73
25 23 43
59 30 95
89 48 39
39 72 57
15 90 92
34 99 40
81 30 41
19 7 99
79 20 6
93 92 92
37 33 18
99 95 91
90 72 20
38 55 3
34 92 69
16 93 89
14 59 83
12 85 59
74 32 16
80 2 41
33 56 65
33 69 55
74 32 14
98 100 65
45 54 78
57 75 37
22 45 39
74 35 91
35 64 17
77 18 99
53 97 9
46 59 25
6 57 10
46 26 68
57 75 18
7 38 80
85 71 33
70 44 46
40 79 88
22 75 38
61 11 30
51 57 31
100 1 1
75 33 74
37 87 8
99 8 69
11 32 65
54 53 91
16 35 59
46 4 73
50 22 62
59 96 91
78 12 41
59 22 76
14 81 78
51 61 55
0 55 55
92 38 94
71 76 48
44 19 7
53 52 65
28 14 70
97 61 94
8 13 21
71 35 27
85 55 91
100 60 84
41 32 82
36 98 30
25 17 18
13 94 70
13 82 4
26 20 90
34 9 32
45 3 87
57 14 13
73 9 85
10 72 100
17 31 57
5 47 9
39 5 87
53 77 48
77 91 2
68 23 92
9 72 95
55 2 71
95 61 13
57 87 8
100 31 11
65 42 19
47 27 8
42 58 87
34 26 6
4 17 11
49 32 95
43 82 18
73 94 45
51 82 15
51 66 33
86 7 52
93 28 75
25 65 34
5 98 52
59 78 24
34 64 3
57 28 81
98 29 77
6 36 66
80 66 44
93 91 57
5 74 9
57 76 73
41 58 27
63 39 40
20 39 43
84 98 25
25 2 9
29 25 59
12 98 95
0 20 25
78 22 46
67 89 59
37 87 64
5 95 26
90 76 61
96 95 29
68 82 88
7 68 97
0 20 21
56 48 75
50 78 61
24 89 95
39 62 18
59 19 85
87 28 17
19 77 96
76 41 73
79 94 60
32 67 10
81 79 13
81 3 94
55 94 1
33 84 61
75 71 84
48 64 69
31 30 58
75 52 73
78 13 34
15 14 85
74 73 98
68 88 23
68 55 29
36 69 53
44 35 57
5 47 66
31 90 6
17 32 44
23 60 91
51 76 26
76 23 47
80 94 17
66 98 21
38 73 58
15 87 67
73 35 23
18 95 60
42 35 78
89 48 41
96 23 25
97 83 99
84 63 8
51 52 94
90 63 36
56 82 23
84 90 42
98 80 87
77 88 1
28 11 21
99 10 38
45 83 96
22 88 73
61 56 2
65 83 43
73 7 6
20 62 88
77 89 75
22 97 31
33 61 4
61 58 61
35 43 32
72 53 57
4 99 54
19 41 36
49 18 95
82 55 91
67 14 93
99 26 64
53 48 96
12 25 45
6 74 68
68 23 60
96 44 13
59 75 32
47 39 84
25 85 66
5 77 17
33 35 34
47 12 95
72 36 27
91 47 20
18 22 25
91 22 82
74 9 58
86 14 22
65 34 26
54 72 3
79 46 84
43 41 16
75 40 70
52 79 8
10 9 17
22 2 57
28 58 46
62 90 75
9 10 84
60 98 27
23 68 11
32 27 27
15 81 62
91 54 60
92 3 36
63 42 23
43 58 83
93 94 28
69 3 81
52 71 98
55 83 24
23 5 33
33 70 76
36 54 38
66 96 69
21 6 39
22 54 16
4 47 1
83 12 56
19 25 7
51 61 95
69 39 59
36 86 34
45 12 15
1 13 64
18 28 91
1 69 27
56 61 7
11 83 30
79 74 13
95 92 84
97 18 34
91 61 19
53 28 74
29 21 13
43 89 76
53 3 4
61 9 64
2 42 20
43 44 59
70 87 37
71 8 8
52 58 41
26 26 94
59 46 2
12 55 55
83 39 80
50 95 41
95 53 33
15 19 12
9 70 2
73 60 73
30 25 5
86 22 44
86 98 75
14 84 31
34 44 91
16 66 92
62 67 78
68 88 5
27 56 28
53 22 1
96 33 27
84 79 48
65 70 12
57 27 68
32 38 20
81 69 83
0 92 67
1 54 73
19 15 33
39 62 19
51 36 99
4 86 31
17 53 33
58 16 65
16 58 42
70 57 74
8 67 44
87 47 83
46 18 82
41 85 26
86 92 88
81 53 85
18 66 28
18 75 8
55 58 79
63 75 34
74 13 7
91 24 30
11 10 80
44 31 91
69 91 72
48 100 27
31 83 25
4 64 27
63 90 6
21 28 21
100 35 40
67 88 33
55 94 47
16 46 80
6 54 76
88 64 68
57 98 14
82 24 95
47 68 48
92 10 71
73 43 35
2 20 12
17 6 40
7 54 41
88 27 3
8 59 6
88 56 9
77 76 20
91 2 11
40 9 35
52 27 3
10 87 38
84 63 23
98 85 64
79 13 6
39 94 64
33 20 79
55 84 13
91 25 16
52 33 14
75 76 37
67 67 62
50 42 68
13 62 69
12 72 83
67 58 20
0 89 69
78 23 25
20 46 23
42 33 8
76 45 72
70 35 42
16 96 54
0 71 40
2 86 38
55 48 15
14 30 25
55 98 32
63 18 95
23 65 87
55 71 19
14 60 30
21 66 14
8 31 78
89 74 71
38 18 100
65 77 89
100 47 93
82 89 7
33 34 86
75 55 81
75 97 39
86 67 92
6 33 77
74 92 31
25 74 22
0 65 91
29 94 95
43 99 74
73 67 79
84 79 64
45 62 57
80 22 42
93 6 84
4 95 82
25 43 87
37 13 100
98 87 25
34 66 96
48 62 3
14 19 22
80 74 70
90 22 23
28 1 34
2 35 88
46 100 80
10 22 55
5 42 25
91 74 34
1 23 57
100 89 96
5 85 97
11 73 54
16 48 34
61 11 97
22 95 30
47 2 34
91 5 25
38 92 85
94 30 5
51 7 31
68 85 59
93 26 48
48 48 69
92 33 47
19 32 19
93 85 66
94 20 21
49 43 41
77 83 58
93 68 55
0 30 70
45 24 72
14 10 10
13 45 52
59 8 29
74 86 67
45 24 7
43 82 22
56 84 29
64 96 55
50 20 90
13 15 75
11 69 57
30 17 52
49 97 30
70 88 73
33 39 73
56 87 92
66 25 14
100 87 47
82 47 46
83 89 31
25 18 17
70 59 36
21 94 36
52 69 42
71 87 7
50 91 58
25 54 15
92 31 9
35 35 60
48 21 33
24 60 67
6 23 99
99 62 71
10 67 92
36 17 39
97 96 54
10 86 69
45 94 28
65 77 76
55 94 27
19 90 69
55 32 37
25 63 58
16 43 68
16 58 27
87 20 40
40 76 92
41 5 75
42 12 84
0 33 60
10 22 75
72 40 83
1 28 70
44 52 32
49 22 17
0 39 48
67 43 16
39 62 100
47 52 75
43 47 33
16 20 13
99 99 99
94 54 91
92 4 28
70 16 5
52 29 5
21 81 30
65 91 93
66 69 9
30 9 85
55 80 45
75 36 52
88 55 34
27 65 77
14 89 2
93 73 82
72 68 30
24 57 38
46 100 56
42 25 39
3 31 48
67 12 75
19 8 1
66 20 11
55 3 20
16 88 96
14 78 60
87 37 94
2 32 95
28 75 45
50 66 61
7 72 10
51 32 31
98 22 42
58 12 24
13 99 9
70 15 34
56 35 42
11 72 92
57 48 78
5 66 37
41 85 37
0 44 99
52 37 89
12 83 57
45 4 63
52 22 97
76 47 70
37 24 17
6 53 79
30 83 16
75 37 68
61 71 58
31 57 62
50 58 100
84 48 1
13 55 55
23 70 19
42 65 78
14 36 81
49 78 52
67 95 83
29 42 62
100 33 89
4 42 74
17 79 13
85 85 71
16 54 82
86 54 55
81 58 33
28 95 81
29 75 87
92 82 14
54 86 32
94 30 67
23 100 5
88 98 52
87 37 39
18 69 54
100 64 45
36 41 40
12 59 63
94 11 37
28 37 95
84 24 17
26 57 61
67 7 97
73 79 96
87 5 14
79 12 10
83 88 33
34 21 80
89 42 1
30 64 56
61 6 25
66 19 66
63 4 15
89 86 90
42 63 85
0 32 79
42 8 52
19 95 1
46 74 16
98 69 74
34 5 87
37 3 58
28 62 38
34 27 91
20 46 39
16 86 46
82 2 69
97 44 60
12 100 82
24 84 57
73 91 41
52 60 75
24 24 77
95 82 27
62 46 1
85 86 56
33 29 79
52 20 71
51 39 32
97 48 53
95 59 36
100 63 3
30 61 23
25 76 48
80 33 25
10 36 76
27 61 19
2 64 93
55 71 46
82 19 81
31 46 91
8 78 93
81 88 84
78 21 43
54 84 77
44 88 41
16 15 64
0 42 24
99 70 86
63 93 100
66 68 37
67 3 26
79 7 62
74 98 45
34 16 89
0 2 42
2 59 23
97 37 34
37 77 96
42 73 40
4 45 66
14 58 26
42 67 86
88 98 54
87 22 56
90 47 68
93 37 34
45 39 5
1 81 66
74 77 38
79 4 33
52 68 7
57 53 73
87 12 14
41 87 80
82 77 39
29 23 13
13 15 91
75 53 41
100 97 2
41 97 68
23 3 100
35 71 80
77 46 25
75 79 54
58 27 76
54 47 14
70 70 72
99 60 89
15 29 66
5 19 45
5 92 68
12 7 78
75 12 4
59 75 48
32 10 75
34 85 73
54 18 72
83 15 78
37 2 41
17 52 13
71 81 41
89 8 11
15 40 98
58 20 22
86 23 47
47 92 81
7 34 65
47 74 14
20 41 6
53 76 77
87 78 17
78 12 26
61 85 22
84 58 56
53 90 67
32 60 75
23 7 57
74 86 76
31 11 66
93 73 87
41 54 55
12 8 16
78 28 15
83 21 71
96 46 9
95 29 87
6 90 18
12 88 91
32 15 55
45 39 23
94 73 33
33 36 11
2 93 86
69 62 92
8 34 45
23 8 13
89 80 48
78 53 78
38 3 52
31 47 82
28 74 83
3 8 88
72 45 65
19 59 93
20 28 98
53 85 73
18 89 10
4 79 33
8 61 3
10 19 4
79 48 79
89 99 82
57 92 78
6 56 93
46 60 87
95 20 58
4 47 5
85 16 71
39 68 98
11 45 47
96 97 9
48 55 54
85 2 99
54 7 5
47 27 41
36 32 85
41 20 71
27 97 67
33 58 9
43 72 63
63 53 74
65 46 89
16 86 48
17 89 70
73 6 68
2 48 25
4 80 61
33 18 17
58 18 38
84 95 42
4 62 87
38 2 57
56 6 32
34 78 66
58 91 89
87 63 13
20 18 1
82 65 54
25 47 39
49 37 81
20 98 70
73 94 6
51 26 61
86 33 83
46 54 18
47 66 68
23 79 47
84 70 75
58 63 62
31 37 19
59 89 41
0 34 29
7 13 96
38 31 43
80 32 67
34 74 94
41 97 37
7 78 53
99 58 92
21 53 4
67 83 21
85 70 9
35 57 4
83 81 21
85 13 84
26 92 27
75 23 60
42 67 14
24 29 11
69 74 98
76 84 67
24 26 19
27 81 7
6 54 76
23 66 83
38 20 36
10 34 81
61 63 52
53 92 12
1 23 28
73 81 29
99 92 73
77 67 94
31 9 91
27 86 68
29 81 85
80 78 67
0 68 90
50 69 97
9 76 39
98 31 67
16 39 79
23 17 75
74 29 63
84 38 75
39 42 75
52 10 20
59 30 79
11 99 92
1 45 6
34 72 48
21 61 42
93 21 57
10 28 72
91 96 80
49 48 55
48 39 20
42 33 100
25 55 35
90 16 86
2 98 62
7 55 85
87 81 48
70 67 75
91 59 33
48 100 7
91 63 85
27 23 13
1 90 31
48 46 58
34 98 65
97 69 86
82 56 91
13 78 5
10 38 38
66 16 67
90 69 64
57 64 92
3 75 98
59 43 87
70 29 55
72 73 82
32 98 7
78 31 43
75 31 59
4 90 64
52 56 84
38 96 19
58 20 9
37 17 62
60 34 72
4 38 5
99 3 95
23 58 58
57 59 38
52 36 12
15 73 20
39 12 84
76 78 55
